{
 "cells": [
  {
   "cell_type": "markdown",
   "metadata": {},
   "source": [
    "#  SNLS Colors from its catalog\n",
    "======================================\n",
    "\n",
    "- author : Sylvie Dagoret-Campagne\n",
    "- date : March 22th 2018"
   ]
  },
  {
   "cell_type": "code",
   "execution_count": 3,
   "metadata": {
    "collapsed": true
   },
   "outputs": [],
   "source": [
    "import matplotlib as mpl\n",
    "import matplotlib.pyplot as plt\n",
    "import numpy as np\n",
    "import pandas as pd\n",
    "%matplotlib inline"
   ]
  },
  {
   "cell_type": "code",
   "execution_count": 4,
   "metadata": {
    "collapsed": true
   },
   "outputs": [],
   "source": [
    "from astropy import units as u\n",
    "from astropy.coordinates import SkyCoord"
   ]
  },
  {
   "cell_type": "code",
   "execution_count": 5,
   "metadata": {
    "collapsed": true
   },
   "outputs": [],
   "source": [
    "import astropy.coordinates as coord\n",
    "import astropy.units as u\n",
    "from astropy.coordinates import Angle, SkyCoord\n",
    "#from regions import PixCoord, CircleSkyRegion, CirclePixelRegion, RectangleSkyRegion, RectanglePixelRegion"
   ]
  },
  {
   "cell_type": "code",
   "execution_count": 6,
   "metadata": {
    "collapsed": true
   },
   "outputs": [],
   "source": [
    "# to enlarge the sizes\n",
    "params = {'legend.fontsize': 'x-large',\n",
    "          'figure.figsize': (10, 8),\n",
    "         'axes.labelsize': 'x-large',\n",
    "         'axes.titlesize':'x-large',\n",
    "         'xtick.labelsize':'x-large',\n",
    "         'ytick.labelsize':'x-large'}\n",
    "plt.rcParams.update(params)"
   ]
  },
  {
   "cell_type": "markdown",
   "metadata": {},
   "source": [
    "# Read file"
   ]
  },
  {
   "cell_type": "code",
   "execution_count": 7,
   "metadata": {
    "collapsed": true
   },
   "outputs": [],
   "source": [
    "df=pd.read_csv('SNLS_catD1D2D4.csv',index_col=0)"
   ]
  },
  {
   "cell_type": "code",
   "execution_count": 11,
   "metadata": {},
   "outputs": [
    {
     "data": {
      "text/html": [
       "<div>\n",
       "<style>\n",
       "    .dataframe thead tr:only-child th {\n",
       "        text-align: right;\n",
       "    }\n",
       "\n",
       "    .dataframe thead th {\n",
       "        text-align: left;\n",
       "    }\n",
       "\n",
       "    .dataframe tbody tr th {\n",
       "        vertical-align: top;\n",
       "    }\n",
       "</style>\n",
       "<table border=\"1\" class=\"dataframe\">\n",
       "  <thead>\n",
       "    <tr style=\"text-align: right;\">\n",
       "      <th></th>\n",
       "      <th>rag</th>\n",
       "      <th>decg</th>\n",
       "      <th>mxu</th>\n",
       "      <th>mxg</th>\n",
       "      <th>mxr</th>\n",
       "      <th>mxi</th>\n",
       "      <th>mxi2</th>\n",
       "      <th>mxz</th>\n",
       "      <th>data</th>\n",
       "    </tr>\n",
       "  </thead>\n",
       "  <tbody>\n",
       "    <tr>\n",
       "      <th>0</th>\n",
       "      <td>36.385099</td>\n",
       "      <td>-4.996876</td>\n",
       "      <td>21.262462</td>\n",
       "      <td>19.131542</td>\n",
       "      <td>17.885551</td>\n",
       "      <td>16.976569</td>\n",
       "      <td>17.049769</td>\n",
       "      <td>16.583786</td>\n",
       "      <td>D1</td>\n",
       "    </tr>\n",
       "    <tr>\n",
       "      <th>1</th>\n",
       "      <td>36.532753</td>\n",
       "      <td>-4.996622</td>\n",
       "      <td>19.296211</td>\n",
       "      <td>18.510545</td>\n",
       "      <td>18.141572</td>\n",
       "      <td>17.993850</td>\n",
       "      <td>18.003495</td>\n",
       "      <td>17.936816</td>\n",
       "      <td>D1</td>\n",
       "    </tr>\n",
       "    <tr>\n",
       "      <th>2</th>\n",
       "      <td>36.093245</td>\n",
       "      <td>-4.992603</td>\n",
       "      <td>19.695154</td>\n",
       "      <td>17.795234</td>\n",
       "      <td>16.833046</td>\n",
       "      <td>16.417383</td>\n",
       "      <td>16.442505</td>\n",
       "      <td>16.220391</td>\n",
       "      <td>D1</td>\n",
       "    </tr>\n",
       "    <tr>\n",
       "      <th>3</th>\n",
       "      <td>36.473862</td>\n",
       "      <td>-4.992807</td>\n",
       "      <td>18.418090</td>\n",
       "      <td>17.413157</td>\n",
       "      <td>16.939017</td>\n",
       "      <td>16.754636</td>\n",
       "      <td>16.769276</td>\n",
       "      <td>16.675400</td>\n",
       "      <td>D1</td>\n",
       "    </tr>\n",
       "    <tr>\n",
       "      <th>4</th>\n",
       "      <td>36.546502</td>\n",
       "      <td>-4.994603</td>\n",
       "      <td>22.990037</td>\n",
       "      <td>20.823232</td>\n",
       "      <td>19.558416</td>\n",
       "      <td>18.027183</td>\n",
       "      <td>18.136777</td>\n",
       "      <td>17.385769</td>\n",
       "      <td>D1</td>\n",
       "    </tr>\n",
       "  </tbody>\n",
       "</table>\n",
       "</div>"
      ],
      "text/plain": [
       "         rag      decg        mxu        mxg        mxr        mxi       mxi2  \\\n",
       "0  36.385099 -4.996876  21.262462  19.131542  17.885551  16.976569  17.049769   \n",
       "1  36.532753 -4.996622  19.296211  18.510545  18.141572  17.993850  18.003495   \n",
       "2  36.093245 -4.992603  19.695154  17.795234  16.833046  16.417383  16.442505   \n",
       "3  36.473862 -4.992807  18.418090  17.413157  16.939017  16.754636  16.769276   \n",
       "4  36.546502 -4.994603  22.990037  20.823232  19.558416  18.027183  18.136777   \n",
       "\n",
       "         mxz data  \n",
       "0  16.583786   D1  \n",
       "1  17.936816   D1  \n",
       "2  16.220391   D1  \n",
       "3  16.675400   D1  \n",
       "4  17.385769   D1  "
      ]
     },
     "execution_count": 11,
     "metadata": {},
     "output_type": "execute_result"
    }
   ],
   "source": [
    "df.head()"
   ]
  },
  {
   "cell_type": "code",
   "execution_count": 8,
   "metadata": {
    "collapsed": true
   },
   "outputs": [],
   "source": [
    "df1=df[df.data=='D1']\n",
    "df2=df[df.data=='D2']\n",
    "df3=df[df.data=='D4']"
   ]
  },
  {
   "cell_type": "markdown",
   "metadata": {
    "collapsed": true
   },
   "source": [
    "# Make colors"
   ]
  },
  {
   "cell_type": "code",
   "execution_count": 21,
   "metadata": {
    "collapsed": true
   },
   "outputs": [],
   "source": [
    "df[\"u-g\"]=df[\"mxu\"]-df[\"mxg\"]\n",
    "df[\"g-r\"]=df[\"mxg\"]-df[\"mxr\"]\n",
    "df[\"r-i\"]=df[\"mxr\"]-df[\"mxi\"]\n",
    "df[\"i-z\"]=df[\"mxi\"]-df[\"mxz\"]"
   ]
  },
  {
   "cell_type": "code",
   "execution_count": 22,
   "metadata": {},
   "outputs": [
    {
     "data": {
      "text/html": [
       "<div>\n",
       "<style>\n",
       "    .dataframe thead tr:only-child th {\n",
       "        text-align: right;\n",
       "    }\n",
       "\n",
       "    .dataframe thead th {\n",
       "        text-align: left;\n",
       "    }\n",
       "\n",
       "    .dataframe tbody tr th {\n",
       "        vertical-align: top;\n",
       "    }\n",
       "</style>\n",
       "<table border=\"1\" class=\"dataframe\">\n",
       "  <thead>\n",
       "    <tr style=\"text-align: right;\">\n",
       "      <th></th>\n",
       "      <th>rag</th>\n",
       "      <th>decg</th>\n",
       "      <th>mxu</th>\n",
       "      <th>mxg</th>\n",
       "      <th>mxr</th>\n",
       "      <th>mxi</th>\n",
       "      <th>mxi2</th>\n",
       "      <th>mxz</th>\n",
       "      <th>data</th>\n",
       "      <th>u-g</th>\n",
       "      <th>g-r</th>\n",
       "      <th>r-i</th>\n",
       "      <th>i-z</th>\n",
       "    </tr>\n",
       "  </thead>\n",
       "  <tbody>\n",
       "    <tr>\n",
       "      <th>0</th>\n",
       "      <td>36.385099</td>\n",
       "      <td>-4.996876</td>\n",
       "      <td>21.262462</td>\n",
       "      <td>19.131542</td>\n",
       "      <td>17.885551</td>\n",
       "      <td>16.976569</td>\n",
       "      <td>17.049769</td>\n",
       "      <td>16.583786</td>\n",
       "      <td>D1</td>\n",
       "      <td>2.130920</td>\n",
       "      <td>1.245991</td>\n",
       "      <td>0.908982</td>\n",
       "      <td>0.392783</td>\n",
       "    </tr>\n",
       "    <tr>\n",
       "      <th>1</th>\n",
       "      <td>36.532753</td>\n",
       "      <td>-4.996622</td>\n",
       "      <td>19.296211</td>\n",
       "      <td>18.510545</td>\n",
       "      <td>18.141572</td>\n",
       "      <td>17.993850</td>\n",
       "      <td>18.003495</td>\n",
       "      <td>17.936816</td>\n",
       "      <td>D1</td>\n",
       "      <td>0.785666</td>\n",
       "      <td>0.368973</td>\n",
       "      <td>0.147722</td>\n",
       "      <td>0.057034</td>\n",
       "    </tr>\n",
       "    <tr>\n",
       "      <th>2</th>\n",
       "      <td>36.093245</td>\n",
       "      <td>-4.992603</td>\n",
       "      <td>19.695154</td>\n",
       "      <td>17.795234</td>\n",
       "      <td>16.833046</td>\n",
       "      <td>16.417383</td>\n",
       "      <td>16.442505</td>\n",
       "      <td>16.220391</td>\n",
       "      <td>D1</td>\n",
       "      <td>1.899920</td>\n",
       "      <td>0.962188</td>\n",
       "      <td>0.415663</td>\n",
       "      <td>0.196992</td>\n",
       "    </tr>\n",
       "    <tr>\n",
       "      <th>3</th>\n",
       "      <td>36.473862</td>\n",
       "      <td>-4.992807</td>\n",
       "      <td>18.418090</td>\n",
       "      <td>17.413157</td>\n",
       "      <td>16.939017</td>\n",
       "      <td>16.754636</td>\n",
       "      <td>16.769276</td>\n",
       "      <td>16.675400</td>\n",
       "      <td>D1</td>\n",
       "      <td>1.004933</td>\n",
       "      <td>0.474140</td>\n",
       "      <td>0.184380</td>\n",
       "      <td>0.079237</td>\n",
       "    </tr>\n",
       "    <tr>\n",
       "      <th>4</th>\n",
       "      <td>36.546502</td>\n",
       "      <td>-4.994603</td>\n",
       "      <td>22.990037</td>\n",
       "      <td>20.823232</td>\n",
       "      <td>19.558416</td>\n",
       "      <td>18.027183</td>\n",
       "      <td>18.136777</td>\n",
       "      <td>17.385769</td>\n",
       "      <td>D1</td>\n",
       "      <td>2.166805</td>\n",
       "      <td>1.264816</td>\n",
       "      <td>1.531233</td>\n",
       "      <td>0.641415</td>\n",
       "    </tr>\n",
       "  </tbody>\n",
       "</table>\n",
       "</div>"
      ],
      "text/plain": [
       "         rag      decg        mxu        mxg        mxr        mxi       mxi2  \\\n",
       "0  36.385099 -4.996876  21.262462  19.131542  17.885551  16.976569  17.049769   \n",
       "1  36.532753 -4.996622  19.296211  18.510545  18.141572  17.993850  18.003495   \n",
       "2  36.093245 -4.992603  19.695154  17.795234  16.833046  16.417383  16.442505   \n",
       "3  36.473862 -4.992807  18.418090  17.413157  16.939017  16.754636  16.769276   \n",
       "4  36.546502 -4.994603  22.990037  20.823232  19.558416  18.027183  18.136777   \n",
       "\n",
       "         mxz data       u-g       g-r       r-i       i-z  \n",
       "0  16.583786   D1  2.130920  1.245991  0.908982  0.392783  \n",
       "1  17.936816   D1  0.785666  0.368973  0.147722  0.057034  \n",
       "2  16.220391   D1  1.899920  0.962188  0.415663  0.196992  \n",
       "3  16.675400   D1  1.004933  0.474140  0.184380  0.079237  \n",
       "4  17.385769   D1  2.166805  1.264816  1.531233  0.641415  "
      ]
     },
     "execution_count": 22,
     "metadata": {},
     "output_type": "execute_result"
    }
   ],
   "source": [
    "df.head()"
   ]
  },
  {
   "cell_type": "code",
   "execution_count": 23,
   "metadata": {
    "collapsed": true
   },
   "outputs": [],
   "source": [
    "dfcoll=df.loc[:,[\"data\",\"u-g\",\"g-r\",\"r-i\",\"i-z\"]]"
   ]
  },
  {
   "cell_type": "code",
   "execution_count": 25,
   "metadata": {},
   "outputs": [
    {
     "data": {
      "text/html": [
       "<div>\n",
       "<style>\n",
       "    .dataframe thead tr:only-child th {\n",
       "        text-align: right;\n",
       "    }\n",
       "\n",
       "    .dataframe thead th {\n",
       "        text-align: left;\n",
       "    }\n",
       "\n",
       "    .dataframe tbody tr th {\n",
       "        vertical-align: top;\n",
       "    }\n",
       "</style>\n",
       "<table border=\"1\" class=\"dataframe\">\n",
       "  <thead>\n",
       "    <tr style=\"text-align: right;\">\n",
       "      <th></th>\n",
       "      <th>data</th>\n",
       "      <th>u-g</th>\n",
       "      <th>g-r</th>\n",
       "      <th>r-i</th>\n",
       "      <th>i-z</th>\n",
       "    </tr>\n",
       "  </thead>\n",
       "  <tbody>\n",
       "    <tr>\n",
       "      <th>0</th>\n",
       "      <td>D1</td>\n",
       "      <td>2.130920</td>\n",
       "      <td>1.245991</td>\n",
       "      <td>0.908982</td>\n",
       "      <td>0.392783</td>\n",
       "    </tr>\n",
       "    <tr>\n",
       "      <th>1</th>\n",
       "      <td>D1</td>\n",
       "      <td>0.785666</td>\n",
       "      <td>0.368973</td>\n",
       "      <td>0.147722</td>\n",
       "      <td>0.057034</td>\n",
       "    </tr>\n",
       "    <tr>\n",
       "      <th>2</th>\n",
       "      <td>D1</td>\n",
       "      <td>1.899920</td>\n",
       "      <td>0.962188</td>\n",
       "      <td>0.415663</td>\n",
       "      <td>0.196992</td>\n",
       "    </tr>\n",
       "    <tr>\n",
       "      <th>3</th>\n",
       "      <td>D1</td>\n",
       "      <td>1.004933</td>\n",
       "      <td>0.474140</td>\n",
       "      <td>0.184380</td>\n",
       "      <td>0.079237</td>\n",
       "    </tr>\n",
       "    <tr>\n",
       "      <th>4</th>\n",
       "      <td>D1</td>\n",
       "      <td>2.166805</td>\n",
       "      <td>1.264816</td>\n",
       "      <td>1.531233</td>\n",
       "      <td>0.641415</td>\n",
       "    </tr>\n",
       "  </tbody>\n",
       "</table>\n",
       "</div>"
      ],
      "text/plain": [
       "  data       u-g       g-r       r-i       i-z\n",
       "0   D1  2.130920  1.245991  0.908982  0.392783\n",
       "1   D1  0.785666  0.368973  0.147722  0.057034\n",
       "2   D1  1.899920  0.962188  0.415663  0.196992\n",
       "3   D1  1.004933  0.474140  0.184380  0.079237\n",
       "4   D1  2.166805  1.264816  1.531233  0.641415"
      ]
     },
     "execution_count": 25,
     "metadata": {},
     "output_type": "execute_result"
    }
   ],
   "source": [
    "dfcoll.head()"
   ]
  },
  {
   "cell_type": "code",
   "execution_count": 63,
   "metadata": {},
   "outputs": [],
   "source": [
    "dfcoll1=dfcoll[dfcoll.data=='D1']\n",
    "dfcoll2=dfcoll[dfcoll.data=='D2']\n",
    "dfcoll3=dfcoll[dfcoll.data=='D4']"
   ]
  },
  {
   "cell_type": "markdown",
   "metadata": {},
   "source": [
    "## Covariance matrix"
   ]
  },
  {
   "cell_type": "code",
   "execution_count": 48,
   "metadata": {},
   "outputs": [
    {
     "data": {
      "text/html": [
       "<div>\n",
       "<style>\n",
       "    .dataframe thead tr:only-child th {\n",
       "        text-align: right;\n",
       "    }\n",
       "\n",
       "    .dataframe thead th {\n",
       "        text-align: left;\n",
       "    }\n",
       "\n",
       "    .dataframe tbody tr th {\n",
       "        vertical-align: top;\n",
       "    }\n",
       "</style>\n",
       "<table border=\"1\" class=\"dataframe\">\n",
       "  <thead>\n",
       "    <tr style=\"text-align: right;\">\n",
       "      <th></th>\n",
       "      <th>u-g</th>\n",
       "      <th>g-r</th>\n",
       "      <th>r-i</th>\n",
       "      <th>i-z</th>\n",
       "    </tr>\n",
       "  </thead>\n",
       "  <tbody>\n",
       "    <tr>\n",
       "      <th>u-g</th>\n",
       "      <td>0.447037</td>\n",
       "      <td>0.234441</td>\n",
       "      <td>0.225961</td>\n",
       "      <td>0.092269</td>\n",
       "    </tr>\n",
       "    <tr>\n",
       "      <th>g-r</th>\n",
       "      <td>0.234441</td>\n",
       "      <td>0.169363</td>\n",
       "      <td>0.178378</td>\n",
       "      <td>0.073348</td>\n",
       "    </tr>\n",
       "    <tr>\n",
       "      <th>r-i</th>\n",
       "      <td>0.225961</td>\n",
       "      <td>0.178378</td>\n",
       "      <td>0.254053</td>\n",
       "      <td>0.102363</td>\n",
       "    </tr>\n",
       "    <tr>\n",
       "      <th>i-z</th>\n",
       "      <td>0.092269</td>\n",
       "      <td>0.073348</td>\n",
       "      <td>0.102363</td>\n",
       "      <td>0.044114</td>\n",
       "    </tr>\n",
       "  </tbody>\n",
       "</table>\n",
       "</div>"
      ],
      "text/plain": [
       "          u-g       g-r       r-i       i-z\n",
       "u-g  0.447037  0.234441  0.225961  0.092269\n",
       "g-r  0.234441  0.169363  0.178378  0.073348\n",
       "r-i  0.225961  0.178378  0.254053  0.102363\n",
       "i-z  0.092269  0.073348  0.102363  0.044114"
      ]
     },
     "execution_count": 48,
     "metadata": {},
     "output_type": "execute_result"
    }
   ],
   "source": [
    "dfcoll.cov()"
   ]
  },
  {
   "cell_type": "code",
   "execution_count": 64,
   "metadata": {},
   "outputs": [
    {
     "data": {
      "text/html": [
       "<div>\n",
       "<style>\n",
       "    .dataframe thead tr:only-child th {\n",
       "        text-align: right;\n",
       "    }\n",
       "\n",
       "    .dataframe thead th {\n",
       "        text-align: left;\n",
       "    }\n",
       "\n",
       "    .dataframe tbody tr th {\n",
       "        vertical-align: top;\n",
       "    }\n",
       "</style>\n",
       "<table border=\"1\" class=\"dataframe\">\n",
       "  <thead>\n",
       "    <tr style=\"text-align: right;\">\n",
       "      <th></th>\n",
       "      <th>u-g</th>\n",
       "      <th>g-r</th>\n",
       "      <th>r-i</th>\n",
       "      <th>i-z</th>\n",
       "    </tr>\n",
       "  </thead>\n",
       "  <tbody>\n",
       "    <tr>\n",
       "      <th>u-g</th>\n",
       "      <td>0.474669</td>\n",
       "      <td>0.266828</td>\n",
       "      <td>0.258377</td>\n",
       "      <td>0.107160</td>\n",
       "    </tr>\n",
       "    <tr>\n",
       "      <th>g-r</th>\n",
       "      <td>0.266828</td>\n",
       "      <td>0.189722</td>\n",
       "      <td>0.199040</td>\n",
       "      <td>0.083051</td>\n",
       "    </tr>\n",
       "    <tr>\n",
       "      <th>r-i</th>\n",
       "      <td>0.258377</td>\n",
       "      <td>0.199040</td>\n",
       "      <td>0.276818</td>\n",
       "      <td>0.112991</td>\n",
       "    </tr>\n",
       "    <tr>\n",
       "      <th>i-z</th>\n",
       "      <td>0.107160</td>\n",
       "      <td>0.083051</td>\n",
       "      <td>0.112991</td>\n",
       "      <td>0.048890</td>\n",
       "    </tr>\n",
       "  </tbody>\n",
       "</table>\n",
       "</div>"
      ],
      "text/plain": [
       "          u-g       g-r       r-i       i-z\n",
       "u-g  0.474669  0.266828  0.258377  0.107160\n",
       "g-r  0.266828  0.189722  0.199040  0.083051\n",
       "r-i  0.258377  0.199040  0.276818  0.112991\n",
       "i-z  0.107160  0.083051  0.112991  0.048890"
      ]
     },
     "execution_count": 64,
     "metadata": {},
     "output_type": "execute_result"
    }
   ],
   "source": [
    "dfcoll1.cov()"
   ]
  },
  {
   "cell_type": "code",
   "execution_count": 65,
   "metadata": {},
   "outputs": [
    {
     "data": {
      "text/html": [
       "<div>\n",
       "<style>\n",
       "    .dataframe thead tr:only-child th {\n",
       "        text-align: right;\n",
       "    }\n",
       "\n",
       "    .dataframe thead th {\n",
       "        text-align: left;\n",
       "    }\n",
       "\n",
       "    .dataframe tbody tr th {\n",
       "        vertical-align: top;\n",
       "    }\n",
       "</style>\n",
       "<table border=\"1\" class=\"dataframe\">\n",
       "  <thead>\n",
       "    <tr style=\"text-align: right;\">\n",
       "      <th></th>\n",
       "      <th>u-g</th>\n",
       "      <th>g-r</th>\n",
       "      <th>r-i</th>\n",
       "      <th>i-z</th>\n",
       "    </tr>\n",
       "  </thead>\n",
       "  <tbody>\n",
       "    <tr>\n",
       "      <th>u-g</th>\n",
       "      <td>0.461726</td>\n",
       "      <td>0.246263</td>\n",
       "      <td>0.243370</td>\n",
       "      <td>0.100585</td>\n",
       "    </tr>\n",
       "    <tr>\n",
       "      <th>g-r</th>\n",
       "      <td>0.246263</td>\n",
       "      <td>0.162573</td>\n",
       "      <td>0.170871</td>\n",
       "      <td>0.070992</td>\n",
       "    </tr>\n",
       "    <tr>\n",
       "      <th>r-i</th>\n",
       "      <td>0.243370</td>\n",
       "      <td>0.170871</td>\n",
       "      <td>0.248524</td>\n",
       "      <td>0.101225</td>\n",
       "    </tr>\n",
       "    <tr>\n",
       "      <th>i-z</th>\n",
       "      <td>0.100585</td>\n",
       "      <td>0.070992</td>\n",
       "      <td>0.101225</td>\n",
       "      <td>0.043532</td>\n",
       "    </tr>\n",
       "  </tbody>\n",
       "</table>\n",
       "</div>"
      ],
      "text/plain": [
       "          u-g       g-r       r-i       i-z\n",
       "u-g  0.461726  0.246263  0.243370  0.100585\n",
       "g-r  0.246263  0.162573  0.170871  0.070992\n",
       "r-i  0.243370  0.170871  0.248524  0.101225\n",
       "i-z  0.100585  0.070992  0.101225  0.043532"
      ]
     },
     "execution_count": 65,
     "metadata": {},
     "output_type": "execute_result"
    }
   ],
   "source": [
    "dfcoll2.cov()"
   ]
  },
  {
   "cell_type": "code",
   "execution_count": 66,
   "metadata": {},
   "outputs": [
    {
     "data": {
      "text/html": [
       "<div>\n",
       "<style>\n",
       "    .dataframe thead tr:only-child th {\n",
       "        text-align: right;\n",
       "    }\n",
       "\n",
       "    .dataframe thead th {\n",
       "        text-align: left;\n",
       "    }\n",
       "\n",
       "    .dataframe tbody tr th {\n",
       "        vertical-align: top;\n",
       "    }\n",
       "</style>\n",
       "<table border=\"1\" class=\"dataframe\">\n",
       "  <thead>\n",
       "    <tr style=\"text-align: right;\">\n",
       "      <th></th>\n",
       "      <th>u-g</th>\n",
       "      <th>g-r</th>\n",
       "      <th>r-i</th>\n",
       "      <th>i-z</th>\n",
       "    </tr>\n",
       "  </thead>\n",
       "  <tbody>\n",
       "    <tr>\n",
       "      <th>u-g</th>\n",
       "      <td>0.409515</td>\n",
       "      <td>0.207315</td>\n",
       "      <td>0.195599</td>\n",
       "      <td>0.078903</td>\n",
       "    </tr>\n",
       "    <tr>\n",
       "      <th>g-r</th>\n",
       "      <td>0.207315</td>\n",
       "      <td>0.162343</td>\n",
       "      <td>0.172088</td>\n",
       "      <td>0.069858</td>\n",
       "    </tr>\n",
       "    <tr>\n",
       "      <th>r-i</th>\n",
       "      <td>0.195599</td>\n",
       "      <td>0.172088</td>\n",
       "      <td>0.245568</td>\n",
       "      <td>0.097678</td>\n",
       "    </tr>\n",
       "    <tr>\n",
       "      <th>i-z</th>\n",
       "      <td>0.078903</td>\n",
       "      <td>0.069858</td>\n",
       "      <td>0.097678</td>\n",
       "      <td>0.042094</td>\n",
       "    </tr>\n",
       "  </tbody>\n",
       "</table>\n",
       "</div>"
      ],
      "text/plain": [
       "          u-g       g-r       r-i       i-z\n",
       "u-g  0.409515  0.207315  0.195599  0.078903\n",
       "g-r  0.207315  0.162343  0.172088  0.069858\n",
       "r-i  0.195599  0.172088  0.245568  0.097678\n",
       "i-z  0.078903  0.069858  0.097678  0.042094"
      ]
     },
     "execution_count": 66,
     "metadata": {},
     "output_type": "execute_result"
    }
   ],
   "source": [
    "dfcoll3.cov()"
   ]
  },
  {
   "cell_type": "markdown",
   "metadata": {},
   "source": [
    "## Correlation matrix"
   ]
  },
  {
   "cell_type": "code",
   "execution_count": 49,
   "metadata": {},
   "outputs": [
    {
     "data": {
      "text/html": [
       "<div>\n",
       "<style>\n",
       "    .dataframe thead tr:only-child th {\n",
       "        text-align: right;\n",
       "    }\n",
       "\n",
       "    .dataframe thead th {\n",
       "        text-align: left;\n",
       "    }\n",
       "\n",
       "    .dataframe tbody tr th {\n",
       "        vertical-align: top;\n",
       "    }\n",
       "</style>\n",
       "<table border=\"1\" class=\"dataframe\">\n",
       "  <thead>\n",
       "    <tr style=\"text-align: right;\">\n",
       "      <th></th>\n",
       "      <th>u-g</th>\n",
       "      <th>g-r</th>\n",
       "      <th>r-i</th>\n",
       "      <th>i-z</th>\n",
       "    </tr>\n",
       "  </thead>\n",
       "  <tbody>\n",
       "    <tr>\n",
       "      <th>u-g</th>\n",
       "      <td>1.000000</td>\n",
       "      <td>0.852024</td>\n",
       "      <td>0.670502</td>\n",
       "      <td>0.657047</td>\n",
       "    </tr>\n",
       "    <tr>\n",
       "      <th>g-r</th>\n",
       "      <td>0.852024</td>\n",
       "      <td>1.000000</td>\n",
       "      <td>0.859940</td>\n",
       "      <td>0.848575</td>\n",
       "    </tr>\n",
       "    <tr>\n",
       "      <th>r-i</th>\n",
       "      <td>0.670502</td>\n",
       "      <td>0.859940</td>\n",
       "      <td>1.000000</td>\n",
       "      <td>0.966922</td>\n",
       "    </tr>\n",
       "    <tr>\n",
       "      <th>i-z</th>\n",
       "      <td>0.657047</td>\n",
       "      <td>0.848575</td>\n",
       "      <td>0.966922</td>\n",
       "      <td>1.000000</td>\n",
       "    </tr>\n",
       "  </tbody>\n",
       "</table>\n",
       "</div>"
      ],
      "text/plain": [
       "          u-g       g-r       r-i       i-z\n",
       "u-g  1.000000  0.852024  0.670502  0.657047\n",
       "g-r  0.852024  1.000000  0.859940  0.848575\n",
       "r-i  0.670502  0.859940  1.000000  0.966922\n",
       "i-z  0.657047  0.848575  0.966922  1.000000"
      ]
     },
     "execution_count": 49,
     "metadata": {},
     "output_type": "execute_result"
    }
   ],
   "source": [
    "dfcoll.corr()"
   ]
  },
  {
   "cell_type": "code",
   "execution_count": 67,
   "metadata": {},
   "outputs": [
    {
     "data": {
      "text/html": [
       "<div>\n",
       "<style>\n",
       "    .dataframe thead tr:only-child th {\n",
       "        text-align: right;\n",
       "    }\n",
       "\n",
       "    .dataframe thead th {\n",
       "        text-align: left;\n",
       "    }\n",
       "\n",
       "    .dataframe tbody tr th {\n",
       "        vertical-align: top;\n",
       "    }\n",
       "</style>\n",
       "<table border=\"1\" class=\"dataframe\">\n",
       "  <thead>\n",
       "    <tr style=\"text-align: right;\">\n",
       "      <th></th>\n",
       "      <th>u-g</th>\n",
       "      <th>g-r</th>\n",
       "      <th>r-i</th>\n",
       "      <th>i-z</th>\n",
       "    </tr>\n",
       "  </thead>\n",
       "  <tbody>\n",
       "    <tr>\n",
       "      <th>u-g</th>\n",
       "      <td>1.000000</td>\n",
       "      <td>0.889153</td>\n",
       "      <td>0.712789</td>\n",
       "      <td>0.703437</td>\n",
       "    </tr>\n",
       "    <tr>\n",
       "      <th>g-r</th>\n",
       "      <td>0.889153</td>\n",
       "      <td>1.000000</td>\n",
       "      <td>0.868532</td>\n",
       "      <td>0.862335</td>\n",
       "    </tr>\n",
       "    <tr>\n",
       "      <th>r-i</th>\n",
       "      <td>0.712789</td>\n",
       "      <td>0.868532</td>\n",
       "      <td>1.000000</td>\n",
       "      <td>0.971257</td>\n",
       "    </tr>\n",
       "    <tr>\n",
       "      <th>i-z</th>\n",
       "      <td>0.703437</td>\n",
       "      <td>0.862335</td>\n",
       "      <td>0.971257</td>\n",
       "      <td>1.000000</td>\n",
       "    </tr>\n",
       "  </tbody>\n",
       "</table>\n",
       "</div>"
      ],
      "text/plain": [
       "          u-g       g-r       r-i       i-z\n",
       "u-g  1.000000  0.889153  0.712789  0.703437\n",
       "g-r  0.889153  1.000000  0.868532  0.862335\n",
       "r-i  0.712789  0.868532  1.000000  0.971257\n",
       "i-z  0.703437  0.862335  0.971257  1.000000"
      ]
     },
     "execution_count": 67,
     "metadata": {},
     "output_type": "execute_result"
    }
   ],
   "source": [
    "dfcoll1.corr()"
   ]
  },
  {
   "cell_type": "code",
   "execution_count": 68,
   "metadata": {},
   "outputs": [
    {
     "data": {
      "text/html": [
       "<div>\n",
       "<style>\n",
       "    .dataframe thead tr:only-child th {\n",
       "        text-align: right;\n",
       "    }\n",
       "\n",
       "    .dataframe thead th {\n",
       "        text-align: left;\n",
       "    }\n",
       "\n",
       "    .dataframe tbody tr th {\n",
       "        vertical-align: top;\n",
       "    }\n",
       "</style>\n",
       "<table border=\"1\" class=\"dataframe\">\n",
       "  <thead>\n",
       "    <tr style=\"text-align: right;\">\n",
       "      <th></th>\n",
       "      <th>u-g</th>\n",
       "      <th>g-r</th>\n",
       "      <th>r-i</th>\n",
       "      <th>i-z</th>\n",
       "    </tr>\n",
       "  </thead>\n",
       "  <tbody>\n",
       "    <tr>\n",
       "      <th>u-g</th>\n",
       "      <td>1.000000</td>\n",
       "      <td>0.898839</td>\n",
       "      <td>0.718442</td>\n",
       "      <td>0.709477</td>\n",
       "    </tr>\n",
       "    <tr>\n",
       "      <th>g-r</th>\n",
       "      <td>0.898839</td>\n",
       "      <td>1.000000</td>\n",
       "      <td>0.850079</td>\n",
       "      <td>0.843879</td>\n",
       "    </tr>\n",
       "    <tr>\n",
       "      <th>r-i</th>\n",
       "      <td>0.718442</td>\n",
       "      <td>0.850079</td>\n",
       "      <td>1.000000</td>\n",
       "      <td>0.973198</td>\n",
       "    </tr>\n",
       "    <tr>\n",
       "      <th>i-z</th>\n",
       "      <td>0.709477</td>\n",
       "      <td>0.843879</td>\n",
       "      <td>0.973198</td>\n",
       "      <td>1.000000</td>\n",
       "    </tr>\n",
       "  </tbody>\n",
       "</table>\n",
       "</div>"
      ],
      "text/plain": [
       "          u-g       g-r       r-i       i-z\n",
       "u-g  1.000000  0.898839  0.718442  0.709477\n",
       "g-r  0.898839  1.000000  0.850079  0.843879\n",
       "r-i  0.718442  0.850079  1.000000  0.973198\n",
       "i-z  0.709477  0.843879  0.973198  1.000000"
      ]
     },
     "execution_count": 68,
     "metadata": {},
     "output_type": "execute_result"
    }
   ],
   "source": [
    "dfcoll2.corr()"
   ]
  },
  {
   "cell_type": "code",
   "execution_count": 69,
   "metadata": {},
   "outputs": [
    {
     "data": {
      "text/html": [
       "<div>\n",
       "<style>\n",
       "    .dataframe thead tr:only-child th {\n",
       "        text-align: right;\n",
       "    }\n",
       "\n",
       "    .dataframe thead th {\n",
       "        text-align: left;\n",
       "    }\n",
       "\n",
       "    .dataframe tbody tr th {\n",
       "        vertical-align: top;\n",
       "    }\n",
       "</style>\n",
       "<table border=\"1\" class=\"dataframe\">\n",
       "  <thead>\n",
       "    <tr style=\"text-align: right;\">\n",
       "      <th></th>\n",
       "      <th>u-g</th>\n",
       "      <th>g-r</th>\n",
       "      <th>r-i</th>\n",
       "      <th>i-z</th>\n",
       "    </tr>\n",
       "  </thead>\n",
       "  <tbody>\n",
       "    <tr>\n",
       "      <th>u-g</th>\n",
       "      <td>1.000000</td>\n",
       "      <td>0.804042</td>\n",
       "      <td>0.616803</td>\n",
       "      <td>0.600967</td>\n",
       "    </tr>\n",
       "    <tr>\n",
       "      <th>g-r</th>\n",
       "      <td>0.804042</td>\n",
       "      <td>1.000000</td>\n",
       "      <td>0.861883</td>\n",
       "      <td>0.845067</td>\n",
       "    </tr>\n",
       "    <tr>\n",
       "      <th>r-i</th>\n",
       "      <td>0.616803</td>\n",
       "      <td>0.861883</td>\n",
       "      <td>1.000000</td>\n",
       "      <td>0.960730</td>\n",
       "    </tr>\n",
       "    <tr>\n",
       "      <th>i-z</th>\n",
       "      <td>0.600967</td>\n",
       "      <td>0.845067</td>\n",
       "      <td>0.960730</td>\n",
       "      <td>1.000000</td>\n",
       "    </tr>\n",
       "  </tbody>\n",
       "</table>\n",
       "</div>"
      ],
      "text/plain": [
       "          u-g       g-r       r-i       i-z\n",
       "u-g  1.000000  0.804042  0.616803  0.600967\n",
       "g-r  0.804042  1.000000  0.861883  0.845067\n",
       "r-i  0.616803  0.861883  1.000000  0.960730\n",
       "i-z  0.600967  0.845067  0.960730  1.000000"
      ]
     },
     "execution_count": 69,
     "metadata": {},
     "output_type": "execute_result"
    }
   ],
   "source": [
    "dfcoll3.corr()"
   ]
  },
  {
   "cell_type": "markdown",
   "metadata": {},
   "source": [
    "## Plots"
   ]
  },
  {
   "cell_type": "code",
   "execution_count": 50,
   "metadata": {},
   "outputs": [
    {
     "name": "stderr",
     "output_type": "stream",
     "text": [
      "/Users/dagoret/anaconda/lib/python2.7/site-packages/ipykernel_launcher.py:1: FutureWarning: pandas.scatter_matrix is deprecated. Use pandas.plotting.scatter_matrix instead\n",
      "  \"\"\"Entry point for launching an IPython kernel.\n"
     ]
    },
    {
     "data": {
